function EX_plotTrackTime()

klt_time = [ 0.063699 0.0621152 0.0600748 0.0619089 0.0610887 0.0624605 0.0619293 0.0613363 0.0654446 0.0674758 0.0662276 0.0677727 0.0612486 0.0598763 0.0735699 0.0634401 0.0671569 0.0650106 0.0631425 0.0632544 0.0633439 0.06181 0.0626957 0.0631495 0.0631378 0.0655625 0.0632295 0.0712337 0.0696123 0.0655422 0.0651405 0.0652532 0.0656174 0.0643831 0.0644385 0.0616447 0.063092 0.0616864 0.0627163 0.0608133 0.0652826 0.0648122 0.064433 0.061916 0.0632855 0.0629724 0.0631165 0.0625229 0.0624676 0.0629304 0.0635257 0.065079 0.0641575 0.0651213 0.0651889 0.0652825 0.0654446 0.0654526 0.0651119 0.0659551 0.0673312 0.064514 0.0643104 0.063007 0.0639955 0.0661635 0.062836 0.0633293 0.0637038 0.0644417 0.0639057 0.0626785 0.0605685 0.0628655 0.063219 0.062954 0.0618381 0.0665936 0.0587352 0.0714184 0.0617517 0.0641757 0.0636557 0.0641746 0.066347 0.0650386 0.0696059 0.0690581 0.0677989 0.069058 0.0719551 0.0717555 0.0750071 0.0717988 0.0684474 0.0699697 0.0706612 0.0684839 0.0675547 0.0685834 0.0684084 0.072477 0.07084 0.0665794 0.063928 0.0629237 0.0651252 0.0643409 0.064379 0.0658504 0.0662571 0.0668962 0.0635385 0.0658942 0.0624176 0.0643101 0.0647077 0.0641174 0.0696978 0.065412 0.0615569 0.0655497 0.0637631 0.0627752 0.0628199 0.0625543 0.06209 0.0621654 0.0592957 0.0601058 0.059616 0.063218 0.0615842 0.0607472 0.0603678 0.0580318 0.0579114 0.0658028 0.0676121 0.0683908 0.0645082 0.0648222 0.0663607 0.0671854 0.0693454 0.0678875 0.0675088 0.0679287 0.0690035 0.069331 0.068508 0.073445 0.0687916 0.0720143 0.0697069 0.066001 0.0660652 0.062437 0.0618915 0.0679419 0.0619913 0.0628566 0.0628542 0.061972 0.0605845 0.0589944 0.0605629 0.0627683 0.0579522 0.065705 0.0657014 0.0654731 0.0737932 0.0680719 0.0679773 0.0700266 0.0740183 0.0715854 0.0716315 0.0710805 0.0760063 0.0734646 0.0736564 0.0682854 0.067488 0.0727287 0.0663842 0.0695804 0.0668158 0.0637537 0.0658795 0.0675332 0.065125 0.0642468 0.0613377 0.05915 0.0683559 0.0697157 0.0635801 0.0641292 0.0691715 0.0674077 0.0672301 0.0665945 0.0697723 0.0746318 0.0734897 0.0790253 0.0768854 0.0792879 0.0729528 0.066699 0.064067 0.0662472 0.0622712 0.0658017 0.0668513 0.0664134 0.0643321 0.0641034 0.0639906 0.0608681 0.0607197 0.0609647 0.0619137 0.0607928 0.0629322 0.0587125 0.0589802 0.0619928 0.0623647 0.0762499 0.0681763 0.0695689 0.0697874 0.0723526 0.0736951 0.0735652 0.0713824 0.0661073 0.0637582 0.0718271 0.068833 0.0689733 0.0669459 0.0746514 0.0603781 0.0608875 0.0623145 0.0692025 0.0681989 0.0693326 0.0702788 0.0745031 0.0656309 0.0587655 0.0643174 0.0707719 0.0705698 0.0680257 0.0650895 0.0657964 0.0596505 0.0655167 0.0632392 0.0599087 0.0639857 0.0625977 0.0610722 0.0680622 0.0630545 0.0663465 0.060422 0.0565332 0.051965 0.0557571 0.0548245 0.0588509 0.0621958 0.0518392 0.0551687 0.058858 0.0567807 0.0568978 0.0588228 0.0557253 0.0591004 0.0523245 0.0489442 0.0560468 0.057894 0.0566355 0.0558829 0.0617895 0.0548974 0.0627966 0.05725 0.0583596 0.0508402 0.0552223 0.0559495 0.0559541 0.0568181 0.0627532 0.0636037 0.0663543 0.0660292 0.0697221 0.0671608 0.0653299 0.0630943 0.0609592 0.0620243 0.0641275 0.0654236 0.0632716 0.0609233 0.0586103 0.0573112 0.0692823 0.0595289 0.0569039 0.0554532 0.0576142 0.0630831 0.0567843 0.0535289 0.0586361 0.0610056 0.059174 0.0526436 0.0581284 0.0548725 0.0548508 0.0508422 0.0706987 0.0501039 0.0535154 0.0509597 0.052952 0.0491366 0.0613799 0.0516146 0.0567638 0.0542967 0.0598683 0.0591192 0.0553039 0.0510518 0.0496916 0.0526691 0.0566951 0.0560275 0.0507753 0.0578371 0.050461 0.0511963 0.0591172 0.0567469 0.0542165 0.0590847 0.0568115 0.0522798 0.0568003 0.0595203 0.0529182 0.057813 0.0557059 0.052911 0.0608529 0.0560027 0.0478462 0.0548252 0.0539479 0.0577215 0.058085 0.0558041 0.054875 0.052553 0.0557115 0.0538393 0.0530677 0.0542811 0.052763 0.0479159 0.0472128 0.0582499 0.0587424 0.0567689 0.0572304 0.0548925 0.0521379 0.0577112 0.0550636 0.0579846 0.058303 0.0543821 0.0576218 0.0508128 0.0545835 0.051586 0.0550535 0.0552854 0.0544272 0.0589987 0.0554828 0.0518004 0.0555397 0.0575496 0.0597388 0.0565819 0.0498113 0.0588294 0.062856 0.05158 0.0549364 0.05718 0.0525917 0.052141 0.0573885 0.0552833 0.0520435 0.0572176 0.0524586 0.0586739 0.0584528 0.0556388 0.0617052 0.0606545 0.0603632 0.0593851 0.0660412 0.0656242 0.0671212 0.0703638 0.0672498 0.0668813 0.0675904 0.0650114 0.0654385 0.0654817 0.0655187 0.0658401 0.0629907 0.0655512 0.0672943 0.0684878 0.0540069 0.0670175 0.0626124 0.0583784 0.0686617 0.0633543 0.0649811 0.0671661 0.0660151 0.0656905 0.0655359 0.0669267 0.0666318 0.0668045 0.0698948 0.065678 0.0648012 0.0647331 0.064909 0.0613798 0.0619697 0.0610507 0.0609572 0.0604657 0.063524 0.0608925 0.0599575 0.0640423 0.0604046 0.0585137 0.0599738 0.062525 0.0630111 0.0628132 0.0655534 0.0631544 0.0613223 0.0645589 0.0631359 0.0653449 0.0651297 0.0628133 0.0630549 0.0607899 0.0616086 0.0553325 0.0558652 0.0525757 0.060784 0.0574446 0.0621084 0.0614552 0.0598234 0.0588125 0.0530689 0.0594198 0.0522122 0.0603431 0.0616125 0.0588769 0.0584675 0.0559549 0.0528759 0.0543837 0.0559003 0.0537484 0.0527062 0.0535709 0.0529442 0.0550955 0.0571645 0.0541453 0.0525919 0.0555103 0.0544617 0.0584071 0.0578055 0.0585742 0.057706 0.0539586 0.0590802 0.0601596 0.0609097 0.0576228 0.0562383 0.0574202 0.0513753 0.0577589 0.051842 0.049776 0.0522244 0.0523451 0.0538437 0.0564789 0.0585284 0.0541203 0.0564421 0.0622727 0.056159 0.0556281 0.0585137 0.0548791 0.0586902 0.0570471 0.057396 0.06531 0.0629934 0.0600104 0.0595513 0.0645224 0.0625945 0.0582227 0.0522277 0.0534342 0.0593433 0.0553077 0.0578428 0.0532313 0.0516648 0.0574976 0.0525309 0.0494603 0.0515533 0.0534064 0.054873 0.0529591 0.0599607 0.0589527 0.047014 0.062161 0.0621676 0.0556492 0.0564159 0.0610812 0.0599395 0.0572663 0.0567877 0.0539574 0.0562657 0.0577302 0.0578275 0.0606672 0.0536824 0.0553756 0.0562961 0.0587184 0.0601141 0.0575672 0.0525007 0.0576587 0.0540308 0.0607349 0.0576657 0.0563536 0.0566293 0.0523178 0.0559253 0.0577913 0.0605475 0.0539431 0.0547197 0.0475415 0.0608348 0.0578235 0.0489613 0.0496176 0.0556307 0.0504151 0.0514411 0.0598503 0.0545841 0.0516988 0.0586748 0.0634904 0.0600068 0.059719 0.062165 0.0595523 0.0653807 0.0604702 0.0623262 0.061528 0.0590525 0.0521192 0.0534107 0.0655522 0.0615924 0.0567662 0.0950617 0.118286 0.0658058 0.0681264 0.0660036 0.0667224 0.0714937 0.0742828 0.0676537 0.0564803 0.059764 0.0607877 0.0617232 0.0629689 0.0652359 0.0602905 0.0708327 0.0700787 0.0688583 0.0708836 0.0654902 0.097869];
